
b = 0;
l1x= 0.024645e3+0.055695e3-0.02e3;
l1y=-0.25e3;
l1z=0.118588e3+0.011038e3;
l2a=0.073e3;
l2b=0.245e3;
l3=0.102e3;
l4a=0.069e3;
l4b=0.26242e3-0.015e3;
l5=0.1e3;
l6a=0.01e3;
l6b=0.2707e3;
l7=0.16e3;
lEE=0.15e3;

